2.819
2.92
2.835
2.861
2.863
2.899
2.94
2.786
2.799
2.952
2.913
2.739
2.937
2.885
2.929
2.866
2.834
2.888
2.8
2.916
2.836
2.894
2.797
2.994
2.853
2.952
2.805
2.845
2.879
2.835
2.877
2.84
2.8
2.896
2.872
2.823
2.779
2.919
2.925
2.873
2.786
2.927
2.901
2.952
3.002
2.84
2.876
2.899
2.896
2.917
2.869
2.88
2.848
2.927
2.786
2.788
2.861
2.898
2.867
2.848
2.837
2.855
2.74
2.913
2.837
2.869
2.927
2.819
2.931
3.065
3.004
2.919
2.862
2.921
2.865
2.878
2.83
2.752
2.835
2.712
2.888
2.878
2.808
2.869
2.908
2.907
2.757
2.909
2.829
2.781
2.918
2.706
2.912
3.005
2.799
2.932
2.955
2.856
2.839
2.886
2.924
2.91
2.922
2.848
2.751
2.807
2.922
2.936
2.845
2.878
2.873
2.883
2.885
2.971
2.878
2.939
3.001
2.83
2.734
2.894
2.755
2.915
2.902
2.838
2.852
2.851
2.865
2.87
2.836
2.841
2.849
2.851
2.932
2.864
2.904
2.74
2.904
2.938
2.937
2.926
2.828
2.912
2.961
2.896
2.859
2.874
2.869
2.801
2.842
2.901
2.89
2.9
2.955
2.836
2.9
2.976
2.902
2.834
2.952
2.909
2.844
2.93
2.884
2.88
2.867
2.829
2.804
2.879
2.907
2.871
2.951
2.782
2.715
2.881
2.85
2.91
2.81
2.855
2.909
2.913
2.816
2.91
2.901
2.958
2.741
2.943
2.781
2.882
2.882
2.887
2.858
2.913
2.89
2.916
2.859
2.9
2.897
2.873
2.835
2.854
2.929
2.856
2.853
2.938
2.867
2.878
2.837
2.864
2.83
2.801
3.034
2.877
2.896
2.88
2.838
2.865
2.897
2.967
2.775
2.926
2.895
2.79
2.832
2.815
2.835
2.846
2.763
2.925
2.948
2.814
2.851
2.808
2.848
2.771
2.904
2.811
2.881
2.894
2.846
2.837
2.914
2.801
2.866
2.892
2.869
2.82
2.914
2.951
2.928
2.886
2.877
2.822
2.838
2.866
2.885
3.018
2.858
2.841
2.916
2.838
2.958
2.886
2.973
2.878
2.864
2.783
2.861
2.793
2.921
2.9
2.886
2.897
2.854
2.916
3.04
2.744
2.88
2.833
2.879
2.783
2.827
2.897
2.889
2.918
2.815
2.823
2.94
2.912
2.872
2.932
2.913
2.882
2.773
2.871
2.89
2.863
2.765
2.701
2.893
2.812
2.968
2.976
2.842
2.828
2.978
2.86
2.899
2.971
2.913
2.96
2.836
2.845
2.868
2.931
2.942
2.891
2.873
2.762
2.892
2.785
2.97
2.91
2.777
2.915
2.921
2.878
2.834
2.828
2.904
2.852
2.833
2.848
2.935
2.943
2.778
2.841
2.78
2.877
2.864
2.911
2.828
2.879
2.908
2.78
2.866
2.971
2.875
2.77
2.979
2.842
2.801
2.852
2.786
2.983
2.839
2.894
2.799
2.931
2.763
2.848
2.853
2.849
2.895
2.765
2.858
2.92
2.897
2.781
2.841
2.874
2.858
2.756
2.855
2.731
2.753
2.839
2.904
2.852
2.826
2.896
2.841
2.922
2.822
2.935
2.905
2.864
2.738
2.808
2.833
2.832
2.815
2.891
2.894
2.745
2.876
2.902
2.978
2.909
2.913
2.888
2.848
2.957
2.872
2.819
2.871
2.859
2.8
2.943
2.943
3.015
3.011
2.906
2.882
2.722
2.752
2.794
2.946
2.898
2.981
2.898
2.885
2.935
2.967
2.865
2.87
2.846
2.748
2.753
2.849
2.795
2.883
2.999
2.747
2.796
3.031
2.925
2.817
2.839
2.762
2.914
2.986
2.874
2.886
2.899
2.868
2.813
2.905
2.924
2.976
2.883
2.853
2.875
2.872
2.883
2.788
2.985
2.848
2.946
2.846
2.9
2.889
2.875
2.891
2.899
2.758
2.866
2.883
2.917
2.911
2.944
2.897
2.896
2.902
2.848
2.874
2.888
2.97
2.787
2.871
2.894
3.024
2.837
2.835
2.846
2.915
2.919
2.88
2.892
2.872
2.905
2.864
2.832
2.923
2.869
3.07
2.831
2.869
2.731
2.846
2.959
2.853
2.818
2.819
2.928
2.787
2.838
2.906
2.88
2.833
2.915
2.784
2.891
2.986
3.047
2.804
2.858
2.901
2.812
2.768
2.862
2.712
2.994
2.869
2.893
2.866
2.817
2.867
2.756
2.84
2.761
2.837
2.902
2.857
2.895
2.768
2.861
2.877
2.798
2.849
2.914
2.924
2.977
2.91
2.981
2.968
2.977
2.876
2.826
2.714
2.842
2.855
2.808
2.888
2.857
2.849
2.847
2.891
2.896
2.832
2.888
2.887
2.788
2.731
2.805
2.993
2.861
2.971
2.889
2.875
2.901
2.802
2.84
2.883
2.784
2.771
2.878
2.839
2.829
2.864
2.923
2.773
2.88
2.81
2.93
2.88
2.879
2.845
2.884
2.873
2.791
2.805
2.85
2.878
2.793
2.897
2.87
2.997
2.917
2.884
2.827
2.923
2.868
2.749
2.993
2.88
2.792
2.846
2.882
2.878
2.91
2.847
2.842
2.783
2.917
2.812
2.946
2.882
2.846
2.904
2.886
2.872
2.885
2.834
3.02
2.861
2.753
2.856
2.95
2.916
2.833
2.757
2.956
2.831
2.92
2.927
2.868
2.881
2.888
2.861
2.883
2.875
2.923
3.054
2.819
2.855
2.767
2.829
2.79
2.948
2.834
2.831
2.867
2.9
2.825
2.813
2.852
2.932
2.871
2.937
2.726
2.9
2.947
2.952
3.061
2.833
2.919
2.872
2.724
2.838
2.884
2.865
2.835
2.883
2.876
2.831
2.856
2.782
2.867
2.722
2.911
2.78
2.818
2.886
2.784
2.849
2.96
2.759
2.831
2.922
2.906
2.949
2.95
2.974
2.891
2.927
2.882
2.859
2.728
2.85
2.9
2.837
2.856
2.894
2.872
2.806
2.954
2.962
2.982
2.885
2.81
2.68
2.815
2.862
2.96
2.946
3.041
2.863
2.882
2.945
2.824
2.713
2.878
2.984
2.892
2.771
2.839
2.865
2.875
2.841
2.716
2.79
3.056
2.925
2.882
2.864
2.899
2.889
2.895
2.861
2.826
2.927
2.848
2.757
2.9
2.91
2.785
3.009
2.844
2.8
2.906
2.87
2.856
3.006
2.973
2.985
2.743
2.877
2.89
2.918
2.912
2.838
2.891
2.857
2.984
2.801
2.971
2.819
2.866
2.915
2.891
2.908
2.934
2.835
2.927
2.77
2.864
2.908
2.899
2.906
2.836
2.904
2.84
2.859
2.918
2.835
2.886
2.893
2.86
2.853
2.904
2.886
2.894
2.811
2.834
2.775
2.864
2.807
2.923
2.865
2.798
2.851
2.846
2.744
2.84
2.907
2.882
2.899
2.899
2.787
2.864
2.966
2.933
2.879
2.871
2.898
2.898
2.93
2.844
2.882
2.863
2.852
2.861
2.906
2.812
2.878
2.761
2.841
2.827
2.942
2.817
2.894
2.842
2.835
2.818
2.96
2.704
2.829
2.911
2.866
2.849
2.841
2.941
2.928
2.908
2.865
2.813
2.847
2.932
2.78
2.817
2.885
2.763
2.853
2.883
3.005
2.974
2.915
2.88
2.842
2.901
2.899
2.832
3.031
2.969
2.971
2.868
2.822
2.919
2.84
2.869
2.86
2.867
2.893
2.834
2.823
2.895
2.844
2.87
2.837
2.854
3.008
2.924
2.931
2.776
2.884
2.875
2.858
2.892
2.857
2.819
2.884
2.768
2.87
2.862
2.93
2.928
2.862
2.784
2.916
2.926
2.801
2.894
2.895
2.814
2.788
2.881
2.881
2.992
2.871
2.864
2.949
2.721
2.978
2.83
2.843
2.847
2.949
2.971
2.882
2.915
2.816
2.788
2.868
2.899
2.851
2.924
2.855
2.885
2.795
2.982
2.902
2.844
2.936
2.892
2.829
2.905
2.88
2.756
2.936
2.944
2.913
2.843
2.824
2.846
2.84
2.843
2.908
2.895
2.96
2.793
2.937
2.807
2.814
2.71
2.846
2.9
2.887
2.878
2.777
2.908
2.978
2.911
2.836
2.942
2.888
2.898
2.789
2.859
2.786
2.825
2.808
2.894
2.903
2.801
2.87
2.905
2.851
2.781
2.906
2.833
2.88
2.844
2.641
2.87
2.982
2.818
2.929
2.899
2.87
2.888
2.846
2.931
2.886
2.929
2.897
2.827
2.798
2.932
2.898
2.767
2.872
2.836
2.84
2.894
2.935
2.923
2.853
2.89
2.835
2.757
2.862
2.863
2.981
2.98
3.035
2.88
2.932
2.914
2.915
2.783
2.922
2.906
2.805
2.857
2.831
2.774
2.874
2.878
2.875
2.723
2.899
2.886
2.884
2.783
2.884
2.896
2.818
2.907
2.901
2.805
2.851
2.794
2.919
2.926
3.0
2.832
2.961
2.872
2.894
2.95
2.93
2.94
2.78
2.847
2.892
2.879
2.883
2.798
2.86
2.831
2.896
2.826
2.917
2.879
2.863
2.918
2.887
2.876
2.85
2.87
2.897
2.867
2.836
2.874
2.865
2.938
2.874
2.821
2.781
2.856
2.941
2.912
2.933
2.87
2.905
2.912
2.929
2.923
2.906
2.845
2.913
2.816
2.728
2.953
2.93
2.882
2.875
2.819
2.963
2.885
2.724
2.846
2.924
2.921
2.865
2.901
2.769
2.914
3.051
2.795
2.952
2.883
2.911
2.865
2.885
2.84
2.66
2.876
2.832
2.908
2.904
2.824
2.854
2.811
2.87
2.771
2.897
2.77
2.814
2.937
2.708
2.757
2.955
2.804
2.839
2.917
2.818
2.77
2.855
2.956
2.887
2.91
2.897
2.871
2.743
2.903
2.889
2.865
2.879
2.809
2.905
2.86
2.94
2.959
3.042
2.873
2.804
2.739
2.829
2.78
3.062
2.929
3.015
2.87
2.844
2.99
2.836
2.81
2.894
2.824
2.827
2.896
2.782
2.762
2.882
2.884
2.785
2.832
2.961
2.951
2.909
2.918
2.893
2.893
2.806
2.856
2.847
2.876
2.843
2.774
2.932
2.916
2.962
2.972
2.823
2.83
2.949
2.891
2.838
2.916
2.912
2.923
2.9
2.874
2.921
2.879
2.91
2.788
2.908
2.899
2.929
2.732
2.932
2.884
2.969
2.958
3.015
2.882
2.853
2.812
2.963
2.797
2.765
2.943
2.86
2.928
2.834
2.804
2.783
2.833
2.894
2.926
2.938
2.877
2.902
2.839
2.93
2.923
2.896
2.952
2.915
2.831
2.746
2.871
2.882
2.993
2.814
2.871
2.946
2.936
2.859
2.737
2.85
2.893
2.876
2.892
2.801
2.882
2.88
2.857
2.773
2.928
2.925
2.892
2.963
2.832
2.685
2.782
2.874
2.889
2.829
2.821
2.869
2.838
2.829
2.734
2.92
2.825
2.82
2.888
2.867
2.915
2.979
2.723
2.839
2.911
2.845
2.809
2.899
2.92
2.967
2.87
2.858
2.788
2.97
2.904
2.797
2.81
2.9
2.806
2.873
2.959
2.909
2.931
2.857
2.86
2.818
2.863
2.791
2.859
2.891
2.979
2.862
2.858
2.963
2.784
2.852
2.898
2.83
2.919
2.812
2.881
2.853
2.846
2.854
2.787
2.725
2.928
2.905
2.965
2.892
2.912
2.857
2.808
2.853
2.898
2.862
2.874
2.77
2.908
2.849
2.959
2.851
2.751
2.874
2.923
2.789
2.935
2.95
3.04
2.669
2.855
2.911
2.903
2.776
2.819
2.892
2.816
2.904
2.781
2.931
2.903
2.966
2.928
2.894
2.915
2.853
2.851
2.9
2.839
2.828
2.905
2.875
2.857
2.818
2.842
2.919
2.847
2.797
2.971
2.855
2.883
2.874
2.858
2.919
2.906
2.883
2.724
2.87
2.855
2.769
2.887
2.863
2.979
2.894
2.854
2.982
2.908
2.784
2.834
2.783
2.908
2.887
2.871
2.825
2.844
2.965
2.962
2.96
2.874
2.919
2.799
2.824
2.878
2.792
2.81
2.759
2.895
2.877
2.834
2.955
2.804
2.809
2.783
2.916
2.768
2.87
2.778
2.757
2.741
3.003
2.803
2.784
2.892
2.851
2.815
2.918
2.988
2.932
2.909
2.869
2.832
2.826
2.958
2.848
2.817
2.897
2.85
2.777
2.898
2.971
2.963
2.996
2.848
2.918
2.724
2.817
2.779
2.855
2.894
3.001
2.902
2.887
2.941
2.83
2.834
2.909
2.885
2.975
2.869
2.857
2.813
2.922
2.884
2.773
2.831
2.965
2.909
2.902
2.87
2.919
2.852
2.894
2.854
2.839
2.925
2.795
2.786
2.875
2.967
3.006
2.948
2.817
2.756
2.929
2.883
2.861
2.937
2.91
2.955
2.941
2.827
2.851
2.807
2.878
2.853
2.834
2.86
2.945
2.778
2.927
2.864
2.884
2.926
2.829
2.844
2.827
2.873
2.902
2.869
2.804
2.888
2.874
2.839
2.743
2.804
2.886
3.036
2.839
2.896
2.899
2.883
2.867
2.836
2.91
2.866
2.822
2.936
2.832
2.802
2.825
2.909
2.911
2.793
2.85
2.956
2.802
2.71
2.776
2.83
2.862
2.904
2.888
2.778
2.869
2.952
2.979
2.92
2.925
2.903
2.981
2.905
2.851
2.808
2.832
2.873
2.875
2.951
2.798
2.87
2.871
2.897
2.774
2.82
2.715
2.954
2.825
2.786
2.823
2.97
2.835
2.794
2.966
2.837
2.848
3.0
2.94
2.928
2.912
2.893
2.831
2.788
2.92
2.884
2.799
2.843
2.827
2.817
2.877
2.921
2.934
2.894
2.927
2.848
2.776
2.829
2.769
2.935
2.856
2.899
2.898
2.851
2.941
2.788
2.79
2.934
2.908
2.854
2.842
2.976
2.815
2.92
2.923
2.769
2.763
2.924
2.876
2.813
2.931
2.87
2.876
2.859
2.873
2.856
2.856
2.859
2.892
2.921
3.076
2.942
2.836
2.833
2.951
2.867
2.724
2.959
2.88
2.927
2.759
2.854
2.845
2.933
2.774
2.842
2.87
2.716
2.861
2.788
2.95
2.845
2.783
2.888
2.857
2.861
2.797
2.828
2.835
2.884
2.883
2.893
2.93
2.996
2.896
2.824
2.891
2.822
2.952
2.937
2.794
2.881
2.885
2.952
2.828
2.857
2.911
2.814
2.815
2.861
2.743
2.85
2.887
2.872
2.89
2.839
2.856
2.919
2.89
2.881
2.884
2.867
2.861
2.869
2.771
2.865
2.97
2.766
2.861
2.923
2.904
2.753
2.869
2.798
2.755
2.749
2.878
2.894
2.814
2.858
2.801
2.922
2.798
2.88
2.833
2.83
2.886
2.566
2.82
2.935
2.69
2.865
2.95
2.858
2.898
2.895
2.897
3.045
2.885
2.896
2.836
2.796
2.836
2.887
2.81
2.827
2.866
2.886
2.888
2.944
2.858
2.905
2.87
2.875
2.78
2.936
2.78
2.953
2.888
2.907
2.879
2.856
2.884
2.813
2.902
2.887
2.808
2.809
2.86
2.912
2.869
2.902
2.898
2.787
2.824
2.945
2.96
2.958
2.818
2.924
2.878
2.878
2.812
2.855
2.877
2.856
2.762
2.922
2.877
2.868
2.938
2.798
2.8
2.867
2.866
2.86
2.902
2.895
2.974
2.816
2.871
2.894
2.974
2.898
2.834
2.986
2.835
2.885
2.778
3.023
2.887
2.935
2.926
2.92
2.877
2.825
2.873
2.89
2.807
2.724
2.825
2.903
3.035
2.855
2.786
2.801
2.859
2.87
2.925
2.899
2.873
2.9
2.866
2.764
2.897
2.886
2.786
2.813
2.803
2.809
2.861
2.911
2.931
2.914
2.857
2.867
2.81
2.755
2.763
2.856
2.927
2.86
2.88
2.804
2.983
2.939
2.918
2.896
2.863
2.871
2.872
2.867
2.886
2.881
2.815
2.783
2.844
2.846
2.829
2.899
2.792
2.817
2.95
2.909
2.787
2.876
2.883
2.855
2.804
2.917
2.754
2.799
2.863
2.866
2.822
2.894
2.89
2.987
2.999
2.894
2.763
2.796
2.931
2.841
2.828
2.824
2.831
2.915
2.808
2.957
2.891
2.913
2.877
2.811
2.806
2.819
2.742
2.962
2.841
2.931
2.889
2.889
2.975
2.863
2.8
3.012
2.837
2.771
2.838
2.869
2.881
2.873
2.725
2.823
2.976
2.94
2.796
2.873
2.83
2.913
2.852
2.802
2.884
2.799
2.82
2.746
2.922
2.843
2.946
2.954
2.819
2.879
2.884
2.903
2.763
2.908
2.907
2.926
2.721
2.881
2.897
2.886
2.887
2.867
2.893
2.735
2.983
2.767
2.932
2.861
2.936
2.894
2.896
2.898
2.896
2.863
2.959
2.875
2.769
2.942
2.85
2.963
2.845
2.891
2.825
2.865
2.88
2.864
2.86
2.913
2.888
2.876
2.953
2.93
2.893
2.746
2.894
2.871
2.783
3.017
2.905
2.956
2.833
2.86
2.922
2.861
2.799
2.725
2.958
2.921
2.846
2.89
2.793
2.849
2.947
2.859
2.746
2.901
2.911
2.825
2.921
2.879
2.93
2.851
2.879
2.934
2.796
2.869
2.831
2.862
2.777
2.899
2.993
2.956
2.815
2.85
2.886
3.002
2.899
2.862
2.924
2.779
2.753
2.913
2.886
2.969
2.878
2.881
2.853
2.703
2.9
2.857
2.833
2.855
2.818
2.948
2.796
2.972
2.939
2.99
2.9
2.921
2.688
2.902
2.745
2.966
2.816
2.962
2.92
2.913
2.916
2.764
2.869
2.91
2.941
2.772
2.864
2.879
2.769
2.845
2.863
2.78
2.778
2.901
2.888
2.867
2.813
2.909
2.908
2.889
2.856
2.815
2.845
2.871
2.738
2.912
2.859
2.86
2.989
2.906
2.859
2.769
2.84
2.796
2.899
2.933
2.915
2.822
2.873
2.895
2.947
2.889
2.925
2.872
2.82
2.906
2.785
2.835
2.886
2.894
2.897
2.89
2.896
2.815
2.936
2.965
2.819
2.774
2.966
2.87
2.923
2.837
2.766
2.837
2.852
2.852
2.894
2.86
2.908
2.901
2.847
2.911
2.9
2.901
2.773
2.904
2.847
2.768
2.867
2.887
2.989
2.87
2.788
2.92
2.949
2.887
2.775
2.849
2.901
2.902
2.863
2.813
2.936
2.963
2.839
2.862
2.831
2.882
2.799
2.83
2.884
2.929
2.735
2.883
2.886
2.941
2.809
2.883
2.861
2.851
2.742
2.881
2.765
2.897
2.86
2.795
2.727
2.857
2.796
2.9
2.915
2.871
2.784
2.91
2.825
2.919
2.956
2.89
2.862
2.802
2.909
2.828
2.835
2.857
2.847
2.876
2.87
2.948
2.924
2.956
2.84
2.893
2.66
2.846
2.846
3.005
2.914
2.996
2.915
2.885
2.866
2.822
2.831
2.882
2.736
2.902
2.801
2.841
2.85
2.887
2.857
2.792
2.772
2.96
2.905
2.902
2.879
2.829
2.872
2.847
2.83
2.902
2.922
3.058
2.805
2.894
2.828
2.973
2.872
2.698
3.001
2.9
2.822
2.919
2.929
2.981
2.809
2.843
2.903
2.841
2.81
2.862
2.854
2.768
3.019
2.831
2.972
2.971
2.895
2.918
2.871
2.889
2.856
2.849
2.843
2.852
2.764
2.892
2.886
2.795
2.869
2.883
2.996
2.859
2.917
2.893
2.901
2.823
2.869
2.837
2.914
2.906
2.854
2.897
2.94
2.869
2.792
2.812
3.007
2.951
2.896
2.85
2.918
2.914
2.78
2.744
2.804
2.872
2.882
2.846
2.801
2.85
2.985
2.87
2.915
2.84
2.897
2.798
2.768
2.895
2.878
2.838
2.87
2.881
2.856
2.801
2.834
2.859
2.849
2.723
2.923
2.793
2.844
2.905
2.719
3.026
2.965
3.026
2.842
2.882
2.791
2.906
2.881
3.029
2.971
2.982
2.903
2.889
2.797
2.932
2.874
2.813
2.946
2.917
2.89
2.856
2.974
2.97
2.896
2.837
2.868
2.786
2.856
2.863
3.07
2.961
2.962
2.878
2.852
2.902
2.965
2.846
2.88
2.823
2.846
2.805
2.888
2.799
2.847
2.895
2.765
2.795
2.94
2.906
2.939
2.752
2.898
2.892
2.761
2.951
2.845
2.867
2.849
2.826
2.868
2.878
3.032
2.961
2.875
2.712
2.988
2.913
2.92
2.944
2.875
2.951
2.785
2.851
2.875
2.948
2.791
2.838
2.823
2.786
2.888
2.858
2.94
2.809
2.898
2.998
2.864
2.875
2.821
2.89
2.955
2.847
2.789
2.907
2.875
2.938
2.829
2.903
2.804
2.852
2.932
2.922
2.834
2.86
2.904
2.919
2.896
2.934
2.858
2.841
2.981
2.856
2.814
2.81
2.907
2.928
2.885
2.792
2.98
2.868
2.866
2.869
2.79
2.883
2.894
2.857
2.743
2.881
2.967
2.9
2.874
3.055
2.896
2.882
2.71
2.828
2.801
2.811
2.835
2.869
3.048
2.806
2.875
2.799
2.827
2.73
2.915
2.891
2.8
2.82
2.682
2.777
3.008
2.908
2.827
2.927
2.811
2.807
2.909
2.874
2.903
2.868
2.839
2.918
2.785
2.91
2.938
2.876
2.836
2.768
2.888
2.904
2.94
2.953
2.903
2.837
2.838
2.615
2.876
2.755
2.92
2.94
3.059
2.847
2.844
2.962
2.973
2.693
2.909
2.894
2.921
2.771
2.907
2.94
2.985
2.927
2.773
2.824
2.949
2.924
2.863
2.896
2.911
2.898
2.895
2.907
2.802
2.866
2.806
2.841
2.896
2.844
2.953
2.997
2.857
2.817
2.935
2.901
2.821
3.013
2.926
2.865
2.852
2.855
2.888
2.857
2.992
2.854
2.874
2.787
2.901
2.793
3.002
2.888
2.842
2.934
2.894
2.898
2.952
2.697
2.87
2.832
2.892
2.896
2.918
2.933
2.86
2.823
2.839
2.89
2.907
2.906
2.874
2.887
2.845
2.843
2.965
2.869
2.885
2.79
2.867
2.691
2.818
2.8
2.919
2.798
2.799
2.737
2.853
2.778
2.863
2.892
2.896
2.902
2.865
2.801
2.856
2.944
2.844
2.987
2.85
2.887
2.83
2.722
2.875
2.823
2.867
2.81
2.874
2.88
2.798
2.879
2.736
2.829
2.779
2.942
2.786
2.874
2.911
2.746
2.86
2.939
2.849
2.793
2.979
2.838
2.886
2.926
2.929
2.942
2.917
2.894
2.83
2.76
2.958
2.839
2.858
2.955
2.833
2.845
2.827
3.015
2.981
2.922
2.854
2.919
2.789
2.797
2.785
2.949
2.96
2.862
2.915
2.96
2.94
2.855
2.866
2.882
2.902
2.815
2.835
2.769
2.851
2.884
2.844
2.875
2.844
2.971
2.861
2.941
2.953
2.89
2.846
2.902
2.852
2.861
2.835
2.816
2.954
2.91
2.925
2.974
2.862
3.073
2.915
2.971
2.821
3.04
2.918
3.017
2.862
2.87
2.897
2.953
2.857
2.906
2.865
2.918
2.877
2.941
2.94
2.959
2.94
2.886
2.888
2.853
2.818
2.888
2.839
2.858
2.869
2.87
2.92
2.885
2.824
2.813
2.856
2.946
2.965
2.858
2.908
2.872
2.868
2.882
2.88
2.856
2.829
2.866
2.891
2.782
2.909
2.829
2.897
2.828
2.864
2.998
2.935
2.808
2.879
2.837
2.887
2.892
2.861
2.855
2.805
2.877
2.923
2.864
2.906
2.887
2.892
2.856
2.866
2.698
2.768
2.763
2.896
2.782
2.785
2.892
2.866
2.895
2.792
2.88
2.796
2.909
2.84
2.861
2.86
2.928
2.755
2.864
2.951
2.781
2.801
2.877
2.854
2.899
2.888
2.879
2.886
2.872
2.939
2.891
2.824
2.821
2.769
2.797
2.829
2.951
2.945
2.891
2.918
2.879
2.749
2.862
2.764
2.96
2.955
3.053
2.917
2.888
2.933
2.778
2.87
2.919
2.841
2.853
2.832
2.857
2.798
2.88
2.881
2.863
2.712
2.965
2.933
2.89
2.919
2.9
2.923
2.869
2.854
2.84
2.92
2.677
2.717
3.02
2.832
3.057
2.95
2.797
2.837
2.954
2.875
2.783
2.956
2.874
2.913
2.902
2.883
2.824
2.827
2.818
2.883
2.833
2.839
2.898
2.849
2.938
2.932
2.803
2.965
2.856
2.9
2.879
2.932
3.01
2.894
2.749
2.939
2.912
2.864
2.87
2.916
2.785
2.829
2.873
2.851
2.856
2.896
2.886
3.036
2.967
2.903
2.862
2.81
2.785
2.826
2.769
2.897
2.791
2.87
2.784
2.764
2.936
2.942
2.802
2.77
2.814
2.874
2.905
2.862
2.889
2.86
2.947
2.899
2.915
2.869
2.906
2.781
2.762
2.918
2.968
2.803
2.84
2.846
2.789
2.792
2.884
2.752
2.85
2.773
2.936
2.8
2.876
2.816
2.778
2.813
3.027
2.834
2.869
2.921
2.773
2.768
2.962
2.928
2.892
2.937
2.865
2.831
2.911
2.85
2.865
2.903
2.851
2.848
2.808
2.958
2.953
2.91
2.848
2.821
2.932
2.859
2.807
2.973
2.842
3.006
2.856
2.818
2.925
2.84
2.802
2.903
2.858
2.799
2.843
2.863
2.699
2.937
2.936
2.772
2.774
2.972
2.912
2.863
2.864
2.934
2.888
2.816
2.891
2.86
2.99
2.884
2.758
2.911
2.911
2.99
2.821
2.801
2.91
2.933
2.781
2.982
2.934
2.831
2.838
2.937
2.912
2.849
2.845
2.867
2.818
3.047
2.854
2.934
2.859
2.915
2.879
2.887
2.879
2.945
3.017
2.878
2.854
2.769
2.904
2.883
2.918
2.764
2.853
2.836
2.866
2.917
2.935
2.832
2.872
2.904
3.025
2.866
2.923
2.854
2.818
2.692
2.836
2.773
2.805
2.861
2.975
2.84
2.896
2.824
2.864
2.707
2.813
2.879
2.907
2.865
2.892
2.815
2.913
2.887
2.885
2.746
2.909
2.888
2.898
2.708
2.883
2.69
2.783
2.92
2.885
2.837
2.81
2.875
2.864
2.871
2.783
2.924
2.788
2.803
2.846
2.89
2.824
2.861
2.946
2.839
3.026
2.791
2.799
2.878
2.918
3.005
2.929
2.902
2.811
2.837
2.991
2.884
2.861
2.857
2.849
2.819
2.805
2.927
2.959
2.968
2.847
2.806
2.72
2.828
2.836
2.904
2.965
3.008
2.871
2.823
2.969
2.777
2.775
2.88
2.85
2.879
2.886
2.834
2.738
2.91
2.881
2.7
2.777
2.963
2.91
2.845
2.803
2.813
2.903
2.817
2.905
2.92
2.952
2.84
2.791
2.891
2.826
2.915
3.041
2.862
2.876
2.976
2.879
2.829
2.974
2.895
2.954
2.91
2.873
2.878
2.895
2.868
2.845
2.88
2.913
2.897
2.774
2.885
2.852
2.877
2.914
2.911
2.858
2.868
2.861
2.94
2.899
2.763
2.916
2.887
2.898
2.859
2.838
2.818
2.874
2.919
2.912
2.629
2.899
2.92
2.862
2.832
2.883
2.829
2.789
2.869
2.79
2.719
2.865
2.929
2.78
2.834
2.957
2.907
2.903
2.801
2.836
2.891
2.869
2.902
2.795
2.965
2.94
2.945
2.813
2.891
2.886
2.938
2.784
2.874
2.812
2.806
2.853
2.874
2.839
2.817
2.869
2.848
2.851
2.769
2.88
2.797
2.958
2.83
2.84
2.869
2.91
2.894
2.836
2.901
2.83
2.857
2.888
2.977
2.922
2.979
2.885
2.84
2.786
2.947
2.857
2.825
2.922
2.808
2.847
2.915
2.895
2.986
2.879
2.868
2.822
2.776
2.905
2.789
2.977
2.963
2.966
2.899
2.79
2.934
2.829
2.856
2.876
2.922
2.853
2.919
2.808
2.838
2.926
2.942
2.797
2.787
2.877
2.947
2.847
2.913
2.941
2.903
2.991
2.873
2.796
2.837
2.81
2.768
2.892
2.872
3.03
2.977
2.827
2.788
2.938
2.912
2.839
2.941
3.003
2.934
2.801
2.847
2.869
2.948
2.838
2.801
2.976
2.803
2.921
2.792
2.955
2.898
2.826
2.899
2.841
2.872
2.875
2.781
2.884
2.876
2.878
2.844
2.9
2.879
2.904
2.788
2.904
2.839
2.961
2.91
2.81
2.884
2.884
2.853
2.771
2.916
2.892
2.919
2.82
2.855
2.751
2.812
2.828
2.893
2.849
2.8
2.976
2.893
2.757
2.998
2.843
2.887
2.901
2.887
2.804
2.884
3.025
2.969
3.068
2.914
2.903
2.862
2.763
2.856
2.805
2.731
2.827
2.876
2.982
2.817
2.912
2.964
2.95
2.765
2.914
2.878
2.873
2.861
2.73
2.857
2.935
2.798
2.757
2.926
2.86
2.823
2.879
2.976
2.959
2.903
2.893
2.861
2.806
2.822
2.922
2.886
2.819
2.861
2.807
2.809
2.909
2.854
3.067
2.857
2.906
2.718
2.893
2.745
2.941
2.937
2.811
2.87
2.87
2.833
3.003
2.933
2.88
2.818
2.917
2.788
2.879
2.75
2.952
2.883
2.74
2.833
2.955
2.939
2.903
2.962
2.908
2.901
2.843
2.81
2.86
2.878
2.81
2.86
2.875
2.857
2.973
2.915
2.855
2.762
2.893
2.943
2.811
2.979
2.908
2.922
2.815
2.862
2.886
2.923
2.922
2.822
2.857
2.861
2.999
2.778
2.969
2.804
2.879
2.914
2.888
2.906
2.849
2.873
2.868
2.899
2.745
2.872
2.932
3.021
2.907
2.831
2.913
2.876
2.878
2.834
2.864
2.853
2.905
2.86
2.916
2.875
2.877
2.907
2.853
2.787
2.81
2.833
2.871
2.847
2.778
2.913
2.904
2.789
2.826
2.817
2.905
2.899
2.892
2.836
2.91
2.889
2.963
2.82
2.924
2.913
2.846
2.775
2.887
2.885
2.8
2.774
2.81
2.877
2.797
2.866
2.821
2.912
2.799
2.879
2.992
2.899
2.839
2.805
2.808
2.958
2.877
2.863
2.938
2.775
2.858
2.909
2.929
2.966
2.968
2.871
2.89
2.768
2.91
2.868
2.794
2.836
2.714
2.84
2.936
2.963
2.849
2.896
2.826
2.841
2.77
2.923
2.726
2.948
2.857
2.951
2.884
2.911
2.862
2.904
2.828
2.886
2.795
2.935
2.876
2.843
2.748
2.879
2.891
2.747
2.788
2.886
2.917
2.917
2.876
2.886
2.845
2.892
2.931
2.804
2.847
2.852
2.761
2.835
2.898
3.008
2.825
2.864
2.72
2.911
2.885
2.798
2.91
3.051
2.914
2.987
2.852
2.851
2.944
2.824
2.877
2.865
2.818
2.952
2.884
2.977
2.913
2.901
2.93
2.875
2.886
2.761
2.838
2.909
2.974
2.771
2.891
2.92
3.089
2.749
2.831
2.951
2.901
2.837
2.91
2.8
2.862
2.877
2.893
2.832
2.934
2.889
2.835
2.771
2.864
2.754
2.754
2.895
2.934
2.89
2.769
2.925
2.874
2.827
2.726
2.904
2.932
2.898
2.884
2.878
2.855
2.969
2.854
2.926
2.808
2.894
2.874
2.684
2.868
2.756
2.895
2.87
2.869
2.824
2.832
2.945
2.874
2.841
2.809
2.91
2.99
2.856
2.875
2.77
2.841
2.971
2.897
2.876
2.872
2.854
2.781
2.923
2.928
2.913
2.902
2.875
2.892
2.73
2.955
2.863
2.847
2.781
2.815
2.84
2.859
2.939
2.881
2.859
3.022
2.822
2.856
2.766
3.099
2.933
2.884
2.912
2.894
2.937
2.874
2.8
2.855
2.907
2.755
2.811
2.841
2.756
2.922
2.857
2.791
2.747
2.926
2.912
2.91
2.975
2.85
2.87
2.863
2.977
2.828
2.876
2.858
2.728
2.889
2.853
2.936
2.949
2.87
2.849
2.894
2.939
2.824
2.943
2.863
2.962
2.95
2.851
2.894
2.915
2.843
2.864
2.912
2.765
2.95
2.861
2.895
2.847
2.887
2.937
2.879
2.89
2.832
2.839
2.886
2.827
2.791
2.839
2.894
2.906
2.927
2.835
2.935
2.897
2.91
2.895
2.826
2.887
2.874
2.924
2.925
2.929
2.873
2.824
2.805
2.835
2.819
2.909
2.874
2.908
2.88
2.855
2.839
2.834
2.785
2.774
2.867
2.894
2.886
2.866
2.842
2.891
2.979
2.903
2.892
2.965
2.931
2.786
2.809
2.864
2.861
2.856
2.892
2.902
2.848
2.809
2.873
2.794
2.878
2.828
2.886
2.81
2.85
2.895
2.86
2.789
2.923
2.807
2.869
2.972
2.84
2.763
2.85
2.962
2.886
2.894
2.887
2.932
2.771
2.917
2.836
2.879
2.906
2.781
2.859
2.795
2.934
2.926
2.963
2.862
2.868
2.78
2.839
2.885
3.016
2.926
2.994
2.864
2.849
2.885
2.89
2.844
2.89
2.772
2.864
2.847
2.805
2.867
2.896
2.862
2.86
2.818
2.974
2.934
2.895
2.801
2.914
2.946
2.771
2.89
2.929
2.838
2.9
2.778
2.895
2.824
2.848
2.943
2.873
2.893
2.888
2.69
2.93
2.962
2.954
2.803
2.807
2.871
2.987
2.829
2.91
2.802
2.954
2.963
2.759
2.82
2.912
2.857
2.913
2.915
2.874
2.785
2.906
2.931
2.91
2.848
2.855
2.809
2.85
2.826
2.753
2.897
2.914
2.893
2.886
2.887
2.87
2.912
2.91
2.908
2.863
2.827
2.831
2.85
2.778
2.897
2.894
2.981
2.906
2.754
2.991
2.888
2.848
2.822
2.863
2.847
2.871
2.905
2.761
2.902
2.964
2.886
2.906
2.862
2.868
2.777
2.832
2.834
2.867
2.827
2.814
2.864
2.948
2.785
2.909
2.801
2.814
2.855
2.889
2.801
2.846
2.868
2.893
2.728
2.967
2.809
2.931
2.948
2.821
2.99
2.85
2.893
2.898
2.871
2.842
2.842
2.775
2.916
2.887
2.808
2.782
2.795
2.831
2.854
2.956
2.888
2.956
2.899
2.846
2.883
2.811
2.912
2.956
2.984
2.895
2.887
2.864
2.869
2.874
2.845
2.836
2.859
2.815
2.821
2.816
2.875
2.882
2.758
2.772
2.881
2.89
2.857
3.044
2.886
2.883
2.864
2.864
2.878
2.87
2.838
2.79
2.85
2.926
3.002
2.975
2.935
2.895
3.01
2.836
2.835
2.917
2.88
2.957
2.899
2.843
2.857
2.927
2.751
2.815
2.839
2.874
2.875
2.819
2.961
2.796
2.928
2.892
2.903
2.89
2.803
2.87
2.956
2.861
2.793
2.86
2.872
2.971
2.874
2.898
2.696
2.838
2.917
2.905
2.843
2.899
2.872
2.911
2.884
2.876
2.894
2.825
2.864
2.841
2.788
2.801
2.814
2.92
2.888
2.784
2.83
2.902
2.778
2.778
2.831
2.898
2.869
2.84
2.81
2.869
2.986
2.925
2.911
2.912
2.906
2.862
2.749
2.842
2.823
2.793
2.833
2.843
2.749
2.787
2.927
2.801
2.875
2.758
2.853
2.783
2.818
2.895
2.771
2.822
3.018
2.828
2.79
2.944
2.701
2.989
2.894
2.95
2.885
2.925
2.834
2.857
2.824
2.956
2.904
2.8
2.886
2.755
2.85
2.866
2.949
2.96
2.93
2.908
2.844
2.749
2.815
2.788
2.988
3.043
2.887
2.884
2.876
2.906
3.002
2.93
2.9
2.948
2.793
2.914
2.836
2.889
2.851
2.793
2.715
2.926
2.908
2.846
2.932
2.868
2.893
2.957
2.871
2.944
2.977
2.813
2.991
2.928
2.902
2.913
2.862
2.871
2.841
2.936
2.853
2.972
2.876
2.942
2.768
2.861
2.893
2.863
2.829
2.823
2.937
2.828
2.931
2.868
2.922
2.849
2.887
2.911
2.888
2.906
2.934
2.895
2.897
2.893
2.808
2.829
2.904
2.839
2.821
2.858
2.819
2.763
2.844
2.774
2.873
2.865
2.831
2.866
2.944
2.868
2.798
2.946
2.853
2.825
2.788
2.799
2.996
2.834
2.847
2.883
2.951
2.803
2.861
2.923
2.885
2.884
2.862
2.832
2.844
2.868
2.91
2.897
2.873
2.826
2.73
2.894
2.823
2.852
2.773
2.864
2.893
2.816
2.902
2.805
2.813
2.751
2.936
2.803
2.857
2.88
2.78
2.861
2.946
2.823
2.848
2.935
2.7
2.797
2.858
2.986
2.849
2.913
2.893
2.829
2.902
2.89
2.895
2.808
2.805
2.841
2.827
2.867
2.92
2.903
2.951
2.882
2.876
2.849
2.82
2.809
2.921
2.899
2.947
2.886
2.912
2.866
2.928
2.788
2.91
2.933
2.841
2.783
2.826
2.782
2.921
2.937
2.826
2.761
2.884
2.939
2.905
2.867
2.877
2.878
2.92
2.927
2.882
2.866
2.817
2.79
2.896
2.924
2.917
2.901
2.818
2.953
2.9
2.833
2.856
2.936
2.92
2.791
2.837
2.869
2.971
2.905
2.822
2.833
2.902
2.932
2.769
2.996
2.842
2.898
2.904
2.834
2.896
2.846
2.821
2.918
2.916
2.732
2.867
2.957
2.902
2.807
2.839
2.853
2.83
2.92
2.904
2.845
2.899
2.896
2.917
2.898
2.99
2.899
2.832
2.915
2.84
2.823
2.829
2.876
2.878
2.899
2.817
2.843
2.888
2.777
2.912
2.885
2.861
2.95
2.898
2.833
2.876
2.977
2.925
2.875
2.951
2.931
2.909
2.75
2.829
2.856
2.837
2.834
2.871
2.859
2.802
2.888
2.877
2.817
2.793
2.887
2.724
2.878
2.864
2.895
2.861
3.016
3.043
2.917
2.9
2.805
2.858
2.893
2.946
2.95
2.942
2.868
2.83
2.839
2.924
2.906
2.804
3.009
2.868
2.905
2.823
2.938
2.894
2.967
2.883
2.794
2.906
2.855
2.787
2.958
2.96
2.893
2.893
2.869
2.942
2.846
2.763
2.921
2.974
2.811
2.827
2.783
2.779
2.867
2.892
2.796
2.826
2.822
2.922
2.938
2.897
2.881
2.859
2.871
2.801
2.892
2.873
2.859
2.779
2.847
2.925
2.955
2.847
2.823
2.96
2.938
2.843
2.967
2.892
2.859
2.795
2.837
2.947
2.864
2.919
2.845
2.776
2.79
2.927
2.758
2.926
2.843
2.836
2.871
2.936
2.942
2.882
2.9
2.965
2.893
2.757
2.865
2.921
2.911
2.834
2.828
2.843
2.831
2.906
2.909
2.734
2.893
2.914
2.828
2.824
2.847
2.902
2.924
2.935
2.816
2.751
2.841
2.918
2.949
2.83
2.817
2.904
2.834
2.741
2.867
2.866
2.863
2.907
2.876
2.757
2.858
2.935
2.94
2.809
2.823
2.916
2.815
2.692
2.79
2.9
2.826
2.824
2.884
2.874
2.829
2.962
2.838
2.869
2.767
2.897
2.811
2.863
2.888
2.832
2.772
2.924
2.877
2.848
3.058
2.837
2.9
2.961
2.892
2.98
2.885
2.873
2.836
2.859
2.934
2.901
2.866
2.855
2.914
2.783
2.861
2.973
2.942
3.03
2.878
2.828
2.731
2.806
2.931
2.911
2.944
3.05
2.845
2.914
2.915
2.894
2.82
2.892
2.816
2.781
2.827
2.843
2.829
2.983
2.746
2.778
2.737
2.95
2.919
2.851
2.933
2.898
2.882
2.938
2.824
2.871
2.858
2.851
2.787
2.894
2.869
2.856
2.946
2.855
2.991
2.949
2.933
2.888
2.955
2.905
2.893
2.929
2.849
2.899
2.873
2.932
2.838
2.94
2.828
2.956
2.804
3.002
2.848
2.921
2.895
2.882
2.865
2.859
2.845
2.844
2.849
2.845
2.865
2.888
2.919
2.841
2.929
2.857
2.835
2.934
2.901
2.882
2.886
2.866
2.941
2.795
2.912
2.9
2.814
2.901
2.829
2.816
2.805
2.787
2.865
2.777
2.853
2.922
2.879
2.778
2.781
2.832
2.894
2.903
2.889
2.99
2.824
2.965
2.9
2.782
2.935
2.92
2.841
2.767
2.888
2.742
2.849
2.823
2.895
2.823
2.84
2.853
2.828
2.808
2.851
2.89
2.809
2.824
2.807
2.788
2.799
2.979
2.814
2.883
2.945
2.838
2.811
2.908
2.847
2.898
2.942
2.904
2.793
2.831
2.924
2.873
2.869
2.887
2.736
2.808
2.823
2.962
2.9
2.886
2.901
2.836
2.798
2.795
2.795
2.98
2.94
3.021
2.858
2.877
2.943
2.897
2.845
2.935
2.867
2.859
2.803
2.952
2.761
2.907
2.889
2.787
2.831
2.89
2.88
2.888
2.859
2.907
2.86
2.855
2.999
2.884
2.769
2.892
2.829
3.001
2.933
2.953
2.855
2.842
2.79
2.986
3.039
2.813
2.925
3.064
2.914
2.751
2.846
2.909
2.876
2.812
2.846
2.876
2.806
2.985
2.852
2.981
2.814
3.014
2.895
2.872
2.915
2.889
2.816
2.916
2.884
2.748
2.831
2.987
2.818
2.779
2.808
2.875
2.866
2.979
2.977
2.877
2.892
2.894
2.837
2.86
2.928
2.898
2.862
2.91
2.852
2.769
2.782
2.829
2.934
2.824
2.732
3.001
2.847
2.78
2.768
2.85
2.915
2.938
2.929
3.021
2.874
2.956
2.867
3.059
2.908
2.958
2.852
2.759
2.912
2.909
2.822
2.87
2.912
2.919
2.893
2.836
2.826
2.84
2.786
2.941
2.842
2.854
2.938
2.753
2.735
2.968
2.842
2.807
2.933
2.796
2.915
2.927
2.905
2.955
2.925
2.927
2.825
2.81
2.983
2.901
2.86
2.851
2.746
2.826
2.793
2.965
2.988
2.836
2.819
2.89
2.919
2.883
2.805
2.981
3.002
2.909
2.899
2.941
2.981
2.839
2.865
2.805
2.805
2.777
2.84
2.869
2.897
2.924
2.775
2.843
3.036
2.885
2.833
2.838
2.855
2.895
2.86
2.907
2.836
2.877
2.853
2.795
2.89
2.823
2.97
2.871
2.775
2.887
2.921
2.89
2.902
2.905
2.9
2.899
2.82
2.894
2.947
2.833
2.801
2.842
2.967
2.895
2.843
2.972
2.77
2.834
2.887
2.898
2.922
2.888
2.761
2.825
2.875
2.898
2.811
2.89
3.009
2.848
2.808
2.85
2.844
2.942
2.901
2.818
2.897
2.874
3.013
2.864
2.903
2.86
2.793
2.834
2.866
2.79
2.809
2.874
2.873
2.951
2.824
2.878
2.906
2.734
2.887
2.865
2.91
2.861
2.845
2.89
2.968
2.975
2.875
2.908
2.903
2.903
2.851
2.719
2.87
2.809
2.752
2.814
2.876
2.972
2.797
2.893
2.867
2.834
2.801
2.927
2.86
2.884
2.889
2.768
2.818
2.903
2.798
2.909
2.922
2.837
2.854
2.933
2.957
2.897
2.88
2.892
2.873
2.832
2.894
2.841
2.887
2.826
2.765
2.929
2.937
3.022
2.856
2.899
2.871
2.761
2.858
2.83
2.98
2.921
2.944
3.014
2.879
2.915
2.755
2.893
2.845
2.891
2.867
2.861
2.822
2.942
2.843
2.784
2.899
3.025
2.878
2.867
2.883
2.905
2.884
2.772
2.83
2.83
2.823
2.852
2.802
2.903
2.888
2.99
2.811
2.856
2.965
2.897
2.903
2.887
2.933
2.919
2.764
2.855
2.904
2.889
2.945
2.845
2.858
2.909
2.992
2.789
2.936
2.817
2.89
2.909
2.854
2.859
2.886
2.809
2.924
2.886
2.826
2.883
2.917
2.76
2.893
3.001
2.863
2.971
2.931
2.836
2.909
2.894
2.949
2.861
2.923
2.898
2.858
2.956
2.851
2.766
2.85
2.848
2.829
2.86
2.824
2.802
2.877
2.76
2.842
2.873
2.97
2.915
2.895
2.905
2.909
3.006
2.924
2.941
2.839
2.895
2.895
2.781
2.901
2.896
2.842
2.853
2.878
2.952
2.834
2.878
2.858
2.87
2.873
2.941
2.815
2.892
2.868
2.912
2.804
2.98
2.912
2.928
2.907
2.844
2.837
2.899
2.902
2.893
2.883
2.897
2.873
2.918
2.949
2.838
2.786
2.761
2.837
2.789
2.883
3.022
2.979
2.936
2.889
2.781
2.863
2.815
3.065
2.99
2.977
2.904
2.87
2.93
2.871
2.768
2.903
2.852
2.917
2.857
2.98
2.824
2.912
2.957
2.817
2.918
2.882
2.913
2.908
3.004
2.846
2.921
2.875
2.775
2.865
2.918
2.843
2.805
2.883
2.888
2.989
2.918
2.778
2.758
2.978
2.874
2.796
2.926
2.864
2.885
2.777
2.831
2.871
2.896
2.857
2.807
2.866
2.774
2.881
2.939
2.945
2.818
2.735
2.902
2.845
2.875
2.883
2.775
2.999
2.868
2.805
2.827
2.857
2.968
2.842
2.769
3.024
2.86
2.937
2.893
2.83
2.909
2.883
2.838
2.901
2.9
2.879
2.757
2.892
2.826
2.841
2.792
2.896
2.889
2.93
2.956
2.949
2.866
2.717
2.843
2.89
2.88
2.875
2.86
2.799
2.888
2.968
2.82
2.904
2.931
2.851
2.853
2.79
2.872
2.824
2.813
2.818
2.859
2.958
2.789
2.911
2.926
2.92
2.796
2.921
2.883
2.889
2.95
2.643
2.843
2.931
2.802
2.827
2.988
2.756
2.842
2.941
2.906
2.905
2.877
2.887
2.841
2.804
2.885
2.872
2.817
2.858
2.835
2.908
2.822
2.971
2.919
2.889
2.94
2.877
2.809
2.862
2.79
3.083
2.894
2.898
2.882
2.913
2.85
2.892
2.881
2.861
2.861
2.718
2.803
2.872
2.925
2.889
2.831
2.774
2.875
2.95
2.878
2.888
2.837
2.863
2.892
2.798
2.852
2.861
2.81
2.847
2.768
2.934
2.926
2.961
2.994
2.851
2.85
3.061
2.894
2.777
2.977
2.888
2.882
2.987
2.831
2.904
2.904
2.843
2.83
2.899
2.936
2.906
2.878
2.967
2.898
2.888
2.975
2.841
2.889
2.917
2.871
3.012
2.88
2.843
2.812
2.877
2.95
2.897
2.869
2.879
2.829
2.9
2.863
2.869
2.88
2.883
2.727
2.772
2.835
2.867
2.917
2.911
2.826
2.811
2.821
2.871
2.931
2.982
2.823
2.718
2.834
2.845
2.796
2.857
2.889
2.863
2.87
2.814
2.925
2.922
2.908
3.023
2.919
2.897
2.89
2.808
2.837
2.867
2.607
2.798
2.861
2.97
2.793
3.015
2.875
2.961
2.762
2.939
2.876
2.867
2.816
2.694
2.81
2.888
2.853
2.855
3.056
2.837
2.838
2.934
2.912
3.015
2.916
2.857
2.883
2.847
2.823
2.873
2.803
2.79
2.879
2.779
2.825
2.936
2.894
2.899
2.908
2.878
2.82
2.852
2.795
2.921
2.891
2.929
2.887
2.792
2.928
2.875
2.794
2.883
2.855
2.828
2.715
2.814
2.788
2.943
2.93
2.801
2.849
2.913
2.868
2.892
2.932
2.896
2.918
2.86
2.85
2.858
2.839
2.9
2.733
3.023
2.923
2.937
2.992
2.86
2.792
2.92
2.89
2.816
2.991
2.894
2.914
2.846
2.832
2.865
3.037
2.857
2.856
2.865
2.817
2.859
2.902
2.941
2.825
2.918
2.905
2.911
2.891
2.842
2.801
2.807
2.916
2.817
2.869
3.036
2.991
2.821
2.804
2.903
2.814
2.903
2.896
2.841
2.894
2.865
2.778
2.826
2.957
2.845
2.832
2.817
2.794
2.756
2.826
2.793
2.94
2.817
2.93
2.803
2.927
2.716
2.741
2.838
2.885
2.901
2.826
2.747
2.858
2.949
2.959
2.837
2.882
2.86
2.871
2.75
2.847
2.904
2.859
2.903
2.848
2.889
2.776
2.952
2.875
2.879
2.84
2.916
2.868
2.804
2.976
2.69
2.828
2.877
2.891
2.871
2.895
2.874
2.838
2.99
2.921
2.977
2.86
2.841
2.768
2.843
2.838
2.829
2.724
2.826
2.852
2.848
2.856
2.869
2.997
2.917
2.757
2.871
2.896
2.883
2.867
2.884
2.928
2.856
3.015
2.835
2.883
2.802
2.857
2.81
2.829
2.834
2.845
2.897
2.813
2.884
3.02
2.909
2.92
2.86
2.894
2.896
2.87
2.77
2.854
2.714
2.861
2.793
2.861
2.924
2.97
2.915
2.806
2.873
2.883
2.8
2.967
2.898
2.941
2.856
2.837
2.874
2.84
2.838
2.843
2.902
2.819
2.872
2.985
2.931
2.842
2.881
2.916
2.904
2.902
2.831
2.729
2.932
2.914
2.849
2.885
2.921
2.958
2.836
2.851
2.903
2.819
2.894
2.887
2.856
2.885
2.863
2.878
2.873
2.928
2.881
2.87
2.807
2.858
2.774
2.824
2.818
2.946
2.839
2.851
2.913
2.896
2.692
2.822
2.834
2.923
2.918
2.868
2.817
2.942
2.941
2.95
2.854
2.857
2.88
2.818
2.81
2.796
2.897
2.623
2.786
2.864
2.868
2.807
2.868
2.859
2.831
2.817
2.883
2.868
2.792
2.856
2.813
2.794
2.854
2.873
2.848
2.92
2.826
2.849
2.849
2.974
2.911
2.869
2.89
2.782
2.839
2.769
2.977
2.875
2.924
2.92
2.88
2.934
2.915
2.87
2.846
2.837
2.814
2.913
2.894
2.909
2.88
3.005
2.865
2.954
2.89
2.787
2.792
2.858
2.946
2.811
2.745
2.815
2.897
2.9
2.915
2.799
2.865
2.978
2.905
2.919
2.846
2.926
2.89
2.924
2.737
2.87
2.929
2.84
2.755
2.967
2.889
2.891
2.95
2.933
2.887
2.984
2.931
2.782
2.95
2.878
2.935
2.87
2.882
2.886
2.885
2.807
2.909
2.93
2.792
2.878
2.81
2.906
2.856
2.858
2.907
2.959
2.942
2.941
2.863
3.058
2.811
2.773
2.891
2.88
2.973
2.8
2.821
2.846
2.831
2.897
2.874
2.804
2.891
2.901
2.891
2.904
2.876
2.876
2.951
2.814
2.795
2.761
2.716
2.824
2.922
2.875
2.812
2.882
2.891
2.727
2.718
2.83
2.869
2.903
2.879
2.768
2.896
2.812
2.896
2.913
2.899
2.848
2.833
2.837
2.877
2.824
2.794
2.88
2.883
2.799
2.96
2.767
2.861
2.838
2.894
3.01
2.854
2.958
2.975
2.797
2.837
2.829
2.894
3.007
2.886
2.93
2.979
2.941
2.968
2.883
2.871
2.869
2.835
2.882
2.817
2.864
2.81
2.855
2.807
2.985
2.922
2.873
2.883
2.837
2.82
2.869
2.851
2.934
2.863
3.017
2.97
2.919
2.894
2.974
2.799
2.896
2.774
2.853
2.707
2.821
2.947
2.864
2.936
2.717
2.745
2.922
2.928
2.913
2.84
2.888
2.864
2.902
2.865
